46 46 0 294
2 2 8 8 8 88 12 8 8 8 12 12 8 8 8 12 12 8 8 8 12 12 8 8 8 12 12 8 72 8 12 12 8 8 8 12 12 8 8 8 12 12 8 8 8 4 
2 2 8 8 108 12 112 8 8 8 92 88 8 8 8 12 12 8 8 8 12 12 8 82 8 12 12 88 72 72 12 12 8 8 8 8 8 8 8 8 12 12 8 8 8 4 
2 2 8 8 108 112 112 8 8 88 12 8 92 8 8 12 12 8 8 8 12 12 98 82 82 12 12 168 8 152 12 12 8 8 8 8 12 12 8 8 12 12 8 8 8 4 
6 10 32 8 8 12 12 8 72 108 268 292 192 8 8 12 12 8 8 8 12 12 188 28 172 12 12 168 8 92 48 12 8 8 8 12 32 12 8 8 12 12 8 8 8 4 
10 26 8 32 8 12 12 88 8 8 112 212 92 8 8 12 12 8 8 8 12 12 168 22 152 12 12 168 88 12 12 72 8 8 8 12 12 8 8 8 12 12 8 8 8 4 
14 22 48 32 8 12 12 88 168 8 92 12 8 8 8 2 2 6 8 8 12 12 154 8 138 12 8 68 148 8 152 72 8 8 8 12 12 8 48 8 12 12 8 8 8 4 
18 18 8 8 8 12 12 8 68 72 172 12 8 8 8 2 12 6 8 8 12 12 154 84 138 12 8 8 148 88 92 12 8 8 8 88 12 64 8 48 12 12 8 8 8 4 
22 22 8 8 8 12 12 108 88 172 92 12 8 8 8 12 26 8 8 8 12 12 14 84 26 12 12 28 88 88 92 92 8 8 108 12 112 64 64 48 12 12 8 8 8 4 
6 6 12 72 8 12 12 108 108 92 12 12 8 8 8 12 12 8 8 8 12 14 20 90 112 14 12 8 8 8 172 92 8 8 108 112 112 8 8 8 12 12 8 8 8 4 
30 30 68 8 72 8 8 8 8 8 12 12 8 8 8 12 12 8 8 8 4 60 98 244 16 8 4 6 88 72 92 12 8 8 8 12 12 8 8 8 12 12 8 8 8 4 
34 34 88 88 8 72 88 12 8 8 12 12 8 8 8 12 12 8 8 6 28 90 138 242 168 14 2 6 76 72 56 24 8 8 8 12 12 8 8 12 12 12 8 8 8 4 
2 2 8 8 88 8 12 112 8 8 12 12 8 8 8 12 12 8 94 170 138 218 130 154 242 176 160 158 74 78 56 12 28 8 8 12 12 8 28 72 32 12 8 8 8 4 
14 46 72 72 108 184 184 82 102 100 108 120 124 120 116 132 156 160 102 54 24 6 46 54 46 62 68 70 6 86 64 50 54 74 62 48 50 54 60 12 112 12 8 8 12 4 
22 30 30 8 112 202 202 90 6 6 2 0 4 4 12 4 14 46 138 168 62 54 112 156 140 142 138 156 154 72 6 8 8 4 4 10 10 6 60 92 92 12 52 28 8 16 
18 104 88 110 92 96 110 118 116 114 118 132 136 132 136 132 156 118 54 54 130 24 42 34 18 54 38 22 18 10 102 106 90 78 66 70 72 56 40 8 88 48 8 52 28 16 
14 20 46 10 12 12 12 8 8 8 12 12 8 8 8 4 8 0 26 26 24 50 26 98 88 60 0 92 4 2 8 4 8 8 8 80 12 8 8 108 12 112 68 52 8 4 
18 18 8 28 8 32 12 8 8 8 12 12 8 8 6 16 14 22 12 4 8 10 12 76 10 88 4 0 84 0 176 86 6 8 100 12 104 8 8 108 112 112 8 8 8 4 
22 22 8 28 28 12 8 12 8 8 12 12 8 6 12 0 6 24 22 20 22 22 22 84 126 28 0 4 76 250 170 78 90 6 10 104 104 8 8 8 12 12 8 12 8 4 
26 26 8 8 28 12 12 8 12 8 12 12 6 2 4 72 102 8 106 90 84 6 18 28 110 112 84 2 82 162 16 74 88 2 6 12 8 12 8 8 12 12 28 8 12 4 
50 14 92 8 28 32 12 8 12 8 12 14 2 20 86 0 110 24 114 40 130 60 46 54 138 28 84 82 80 2 82 120 40 0 2 14 8 8 12 8 8 8 8 28 12 4 
34 102 8 92 8 12 8 8 12 8 4 8 0 0 20 70 16 16 2 50 20 40 34 14 12 72 8 168 166 168 46 86 40 20 20 8 88 80 12 8 8 12 12 8 12 4 
10 58 28 12 72 86 90 80 96 14 70 80 74 94 66 52 36 30 24 56 64 32 14 44 54 74 66 166 76 78 126 132 88 128 116 100 30 38 64 8 12 32 12 28 12 16 
26 34 8 8 12 2 2 10 84 86 8 26 20 108 96 82 4 38 28 20 10 38 46 16 20 18 18 32 6 42 30 66 12 8 12 4 4 10 22 12 12 12 8 48 28 36 
22 70 88 2 72 72 64 34 32 22 20 78 54 34 46 52 2 50 86 84 58 68 32 0 28 38 8 172 88 12 2 16 88 20 28 40 120 104 26 72 128 134 138 98 12 16 
10 10 98 82 4 4 6 96 12 10 104 0 24 0 88 14 12 16 8 10 34 40 2 48 98 108 92 210 80 106 20 36 0 80 60 140 60 20 88 66 46 6 44 84 82 4 
14 14 98 172 168 172 180 270 184 10 24 104 80 12 12 0 16 48 50 10 20 4 34 82 6 72 16 8 10 124 212 80 0 86 66 86 60 90 246 240 186 152 190 174 82 4 
18 18 8 8 8 12 12 74 274 268 80 0 52 2 14 2 60 118 178 200 162 110 0 18 100 12 20 0 88 88 256 248 80 86 0 26 32 272 266 82 8 8 8 8 8 4 
22 22 8 8 8 12 12 16 96 268 182 34 0 14 12 2 0 68 142 128 162 110 30 18 0 52 60 40 172 180 100 256 248 2 86 8 278 272 84 8 8 12 12 8 8 4 
26 26 8 8 8 12 36 16 8 94 262 294 122 28 14 104 90 40 8 122 0 0 60 72 72 72 20 60 84 0 100 0 248 176 86 274 278 86 8 8 12 12 8 8 8 4 
10 50 72 72 72 86 96 100 102 100 24 146 148 54 54 126 36 66 94 134 54 14 94 46 106 60 6 66 76 2 6 8 80 188 202 214 36 54 28 8 12 8 8 8 12 4 
54 42 8 8 12 2 2 10 6 6 2 92 186 92 8 10 70 40 90 60 30 38 20 48 8 6 6 84 86 70 80 90 68 80 182 98 10 6 0 28 8 12 28 28 8 16 
30 58 72 88 92 96 110 118 116 114 118 132 226 220 44 36 16 44 54 114 54 24 14 34 46 54 60 14 70 6 74 170 148 78 152 70 72 56 48 28 32 32 8 28 28 16 
6 2 12 8 8 8 12 8 8 8 12 12 98 274 268 88 14 26 34 22 16 16 16 12 12 10 10 8 40 40 80 100 24 94 82 12 12 8 28 48 48 32 8 8 8 4 
6 26 12 8 48 88 48 72 8 8 12 12 8 96 268 262 190 188 180 188 182 176 180 176 178 176 178 176 208 176 142 198 104 8 8 12 12 8 8 108 12 112 8 8 8 4 
10 10 8 84 128 108 52 8 72 8 12 12 8 8 94 174 164 68 22 46 172 166 162 170 172 84 170 172 128 46 146 190 86 8 8 12 12 8 8 108 112 112 8 8 8 4 
14 14 8 84 184 188 112 88 72 8 12 12 8 8 8 12 90 104 64 8 18 88 8 12 86 86 8 84 8 4 98 10 8 8 8 12 12 8 8 8 12 12 8 8 8 4 
18 18 8 8 8 80 12 8 8 8 12 12 16 8 8 12 80 280 294 120 48 154 12 6 166 90 8 90 18 180 100 12 8 8 8 12 12 8 8 8 12 12 8 8 8 4 
22 22 8 8 100 12 84 12 8 8 12 36 16 8 8 12 12 98 274 168 8 80 8 100 8 74 92 172 186 82 12 12 8 8 8 12 12 8 8 8 12 12 8 8 8 4 
26 26 8 8 100 104 84 8 12 8 12 12 8 8 8 12 12 8 96 248 242 66 40 40 34 0 258 252 84 8 12 12 8 8 8 12 12 8 8 8 12 12 8 8 8 4 
50 30 8 8 72 12 12 28 12 8 12 8 12 8 8 12 12 8 8 94 262 266 60 0 60 274 278 86 8 8 12 12 8 8 8 88 12 8 8 8 88 12 8 8 8 4 
34 14 8 88 80 92 12 8 8 8 112 128 28 12 8 12 12 8 8 8 82 266 220 32 200 274 98 8 8 8 12 12 8 8 108 12 112 8 8 108 12 112 8 8 8 4 
2 2 8 176 88 0 88 8 8 108 88 92 112 32 8 12 12 8 8 8 12 80 280 96 260 100 12 8 8 8 12 12 8 8 30 112 112 8 8 108 112 112 8 8 8 4 
2 2 8 96 176 88 92 92 8 108 188 212 112 8 12 12 12 8 8 8 12 12 188 8 172 12 12 8 8 8 12 12 8 14 108 90 12 8 72 8 12 12 8 52 8 4 
6 6 8 8 88 168 172 92 8 72 12 12 8 28 8 32 12 8 8 8 12 12 188 8 172 12 12 8 8 8 12 12 80 186 142 190 12 88 8 72 12 12 68 8 52 4 
10 10 8 8 8 8 12 12 88 8 92 12 8 28 28 32 12 8 8 8 12 12 188 98 172 12 12 8 8 8 12 12 80 180 164 112 12 88 88 72 12 12 68 68 52 4 
16 14 8 8 8 12 32 12 88 88 92 12 8 8 8 12 12 8 8 8 12 12 98 98 82 12 12 8 8 8 12 12 8 8 8 12 12 8 8 8 12 12 8 8 8 4 
