46 46 0 294
2 4 12 12 112 18 100 12 12 12 0 0 12 12 12 0 0 12 12 12 0 0 12 12 12 0 0 92 12 68 0 0 12 12 12 0 0 12 12 12 0 0 12 12 12 6 
6 0 12 12 112 0 0 12 12 92 82 98 88 12 12 0 0 12 12 12 0 0 102 12 78 0 0 172 12 80 0 0 12 12 12 2 18 8 12 12 0 0 12 12 12 6 
8 4 12 12 112 100 100 12 12 192 182 198 100 12 12 0 0 12 12 12 0 0 192 12 90 0 0 252 12 0 0 0 12 12 12 2 0 0 12 12 0 0 12 12 12 6 
8 28 12 28 12 0 0 92 12 112 182 180 100 12 12 0 0 12 12 12 0 0 262 20 20 0 0 252 12 60 18 60 12 12 12 20 20 20 12 12 0 0 12 12 12 6 
8 22 12 0 12 0 0 92 92 32 120 200 100 12 12 0 0 12 12 12 0 0 248 14 14 0 0 172 92 0 80 0 12 12 12 0 0 12 12 12 0 0 12 12 12 6 
8 36 40 40 12 0 0 92 172 0 80 0 12 12 12 4 14 2 12 12 0 0 228 12 0 0 2 92 152 60 20 60 12 12 12 0 0 68 12 44 0 0 12 12 12 6 
8 4 12 12 12 0 0 112 172 20 80 0 12 12 12 0 0 0 12 12 0 0 158 76 76 0 2 12 152 92 0 80 12 12 112 18 100 68 12 0 0 0 12 12 12 6 
8 4 12 12 12 0 0 112 92 80 80 0 12 12 12 14 14 14 12 12 0 74 152 8 88 88 20 20 152 92 0 0 12 12 112 0 0 68 56 56 0 0 12 12 12 6 
28 24 72 12 68 0 0 112 100 100 0 0 12 12 12 0 0 12 12 12 76 78 78 92 62 174 86 92 92 12 80 80 12 12 112 100 100 12 12 12 0 0 12 12 12 6 
32 16 72 12 0 2 18 8 12 12 0 0 12 12 12 0 0 12 12 98 140 4 92 170 22 166 180 2 172 0 0 0 12 12 12 0 0 12 12 12 0 0 12 12 12 6 
52 36 100 80 12 102 98 100 12 12 0 0 12 12 12 0 0 12 100 184 146 86 80 250 168 80 184 96 0 80 36 18 24 12 12 0 0 12 32 12 20 0 12 12 12 6 
6 0 12 12 192 202 180 80 12 12 0 0 12 12 12 0 0 14 108 180 130 130 42 154 168 242 156 58 58 70 80 0 0 12 12 0 0 12 112 12 80 0 12 12 12 6 
28 34 12 12 196 196 28 64 10 10 4 6 8 8 16 2 8 50 134 90 30 98 108 68 72 86 94 12 68 12 24 14 40 0 0 16 16 2 84 0 20 0 12 32 12 14 
22 66 12 26 116 200 200 100 10 10 0 0 8 8 16 0 100 140 42 0 106 30 48 20 36 2 30 4 14 102 88 0 0 0 0 0 0 0 80 80 80 42 12 28 12 0 
32 76 120 120 124 138 152 164 162 162 172 186 194 190 190 112 192 134 54 78 54 10 56 12 36 6 22 14 6 8 32 52 136 114 96 92 88 82 48 92 18 58 12 20 20 20 
8 34 38 18 12 20 0 12 12 12 0 0 12 12 98 170 172 80 26 36 40 2 80 110 70 88 24 4 4 2 180 180 82 12 104 18 92 12 12 112 0 60 60 60 12 6 
8 4 12 32 12 0 0 12 12 12 0 0 12 100 170 176 92 8 8 6 6 14 8 8 10 88 0 88 4 0 82 10 88 80 104 0 0 12 12 112 100 100 12 12 12 6 
8 4 12 32 32 0 18 12 8 12 0 0 102 188 166 88 30 14 28 2 2 4 30 40 16 60 4 0 76 162 162 78 92 172 14 92 92 12 12 12 0 0 32 12 8 6 
8 4 12 12 32 0 0 12 0 12 0 74 192 184 10 72 116 0 82 84 90 2 26 36 84 84 84 2 2 6 8 250 2 176 168 88 2 12 8 12 0 0 32 12 0 6 
32 72 12 88 32 20 20 12 0 12 76 166 208 92 20 0 110 24 24 40 70 60 46 54 54 28 84 80 0 80 40 162 40 88 172 174 84 12 0 12 2 18 12 20 20 6 
32 86 12 0 12 0 2 12 0 98 170 192 114 20 86 16 86 18 88 38 70 26 20 26 72 20 84 78 166 172 86 166 40 20 66 160 78 82 72 12 2 0 0 32 12 14 
34 140 12 20 16 4 12 14 10 96 184 112 102 100 94 62 36 54 30 38 50 12 14 60 74 86 94 22 30 72 86 94 100 156 168 82 2 82 48 8 20 20 20 52 12 20 
28 34 12 12 16 0 0 104 98 92 96 26 20 108 88 82 20 54 50 22 30 34 6 30 12 14 14 80 100 36 128 152 0 20 8 16 0 90 90 90 0 0 12 52 20 20 
32 76 102 86 12 4 2 102 14 12 112 6 24 80 8 84 8 54 76 88 68 14 24 28 2 6 10 76 68 16 48 102 12 76 8 76 4 30 112 82 52 12 48 60 70 20 
8 4 102 86 8 0 0 190 104 10 104 0 0 88 0 74 18 14 22 20 30 20 20 68 88 128 40 80 100 106 136 104 0 0 60 80 60 0 0 0 0 0 48 0 0 6 
8 4 102 164 250 242 260 254 104 100 24 104 104 12 12 2 34 34 62 0 14 30 2 36 10 88 72 170 80 54 168 116 0 6 6 166 60 70 158 244 228 232 236 182 90 6 
8 4 12 12 12 6 18 78 188 180 88 28 80 26 0 2 30 118 230 280 192 110 0 100 0 96 0 100 80 8 176 168 80 0 60 86 32 182 182 90 2 18 8 12 12 6 
8 4 12 12 12 6 0 0 100 184 96 114 80 12 0 2 60 20 60 120 162 110 30 30 0 60 60 60 4 12 92 176 168 2 0 8 186 186 92 12 2 0 0 12 12 6 
8 4 12 12 12 24 24 24 12 98 180 208 122 42 14 104 90 2 162 48 162 80 60 72 72 32 20 40 88 176 68 0 240 176 86 180 180 94 12 12 20 2 0 8 12 6 
6 12 12 12 16 4 8 14 10 10 90 178 94 80 74 62 36 90 50 40 50 10 34 60 74 26 34 56 26 50 76 90 148 168 168 82 2 2 16 8 0 2 12 12 12 14 
32 26 12 12 16 0 0 14 10 10 0 92 188 92 8 80 20 70 60 60 0 0 60 12 52 0 0 80 80 80 0 0 148 88 88 88 0 0 4 12 38 0 20 20 12 0 
54 56 100 120 124 138 152 164 162 162 172 186 194 184 98 10 20 8 54 78 54 10 20 12 8 6 6 84 6 70 46 34 118 110 96 92 88 82 48 20 0 0 12 32 20 20 
8 4 0 12 32 18 20 12 12 12 0 0 102 188 180 88 14 34 4 72 26 16 28 12 22 10 18 72 32 80 40 76 14 94 90 0 0 12 32 132 38 80 12 12 12 6 
12 16 20 88 132 94 58 12 68 12 0 0 12 100 184 262 262 264 264 264 264 264 264 264 264 264 264 264 264 264 190 106 18 8 12 0 0 12 12 112 0 0 12 12 12 6 
8 4 12 88 132 20 20 12 0 12 0 0 12 12 98 180 166 82 24 46 136 246 234 250 160 176 162 252 120 126 140 180 94 12 12 0 0 12 12 112 100 100 12 12 12 6 
8 4 12 88 176 176 180 80 80 12 6 18 12 12 12 6 78 188 112 168 114 0 80 2 174 90 168 12 80 90 2 2 12 12 12 0 0 12 12 12 0 0 12 12 12 6 
8 4 12 12 104 18 92 12 12 12 6 0 0 12 12 0 92 192 204 42 114 0 160 68 254 164 160 58 10 98 88 0 12 12 12 0 0 12 12 12 0 0 12 12 12 6 
8 4 12 12 104 0 20 12 8 12 24 24 24 12 12 0 0 102 188 98 88 8 166 74 166 162 12 102 102 90 0 0 12 12 12 0 0 12 12 12 0 0 12 12 12 6 
8 4 12 12 104 92 92 12 0 12 0 0 12 12 12 0 0 12 100 164 176 86 40 74 140 20 166 166 92 12 0 0 12 12 12 0 0 12 12 12 0 0 12 12 12 6 
32 16 12 92 12 80 20 20 20 12 0 2 12 8 12 0 0 12 12 98 180 180 94 0 86 180 180 94 12 12 0 0 12 12 112 18 100 12 12 112 18 100 12 12 12 6 
32 16 12 180 12 88 0 12 12 112 82 78 88 20 12 0 0 12 12 12 94 186 128 120 114 174 86 12 12 12 0 0 12 12 112 0 0 12 12 112 0 0 12 12 12 6 
6 0 12 180 92 86 98 88 12 112 82 20 20 20 12 0 0 12 12 12 0 92 282 180 88 88 0 12 12 12 0 0 12 90 112 22 100 12 12 112 100 100 12 12 12 6 
8 4 12 100 92 88 0 0 12 112 200 220 120 12 12 20 0 12 12 12 0 0 282 12 0 0 0 12 12 12 0 0 84 190 60 100 0 92 12 68 0 0 72 12 48 6 
8 4 12 12 92 160 160 80 92 12 80 0 12 32 12 0 0 12 12 12 0 0 282 12 0 0 0 12 12 12 0 0 84 190 78 78 0 92 12 0 0 0 72 12 0 6 
8 4 12 12 12 2 0 0 92 12 0 0 12 32 20 20 0 12 12 12 0 0 192 90 90 0 0 12 12 12 0 0 84 172 172 100 0 92 80 80 0 0 72 60 60 6 
4 2 12 12 12 20 20 20 92 80 80 0 12 12 12 0 0 12 12 12 0 0 102 90 90 0 0 12 12 12 0 0 12 12 12 0 0 12 12 12 0 0 12 12 12 6 
